,t1,x1,y1,t2,x2,y2,t3,x3,y3,distance_1,distance_2,distance_3,distance_11,distance_22,distance_33,distance_111,distance_222,distance_333,distance_10,distance_20,distance_30
0,0,167.2,701.5,0,797.2,844.5,0,736.3,1330,0,0,0,0,0,0,0,0,0,0,0,0
1,0.3,167.1,701.6,0.3,796.9,842.8,0.3,728.5,1330,0.141421356,1.72626765,7.8,0,0,0,0,0,0,0.02,2.98,60.84
2,0.599,166.3,702.2,0.599,797.2,844.6,0.599,723.5,1330,1,1.824828759,5,1.140175425,0.1,12.8,0,0,0,1.3,0.01,163.84
3,0.899,166.1,702.6,0.899,797.2,844.5,0.899,718.6,1330,0.447213595,0.1,4.9,1.414213562,1.72626765,9.9,1.555634919,0,17.7,2.42,0,313.29
4,1.199,166.2,702.2,1.199,800.3,843.4,1.199,718.2,1330,0.412310563,3.289376841,0.4,0.1,3.324154028,5.3,1.081665383,3.4525353,10.3,1.49,10.82,327.61
5,1.499,167.8,699.1,1.499,799.4,844.9,1.499,722.2,1330,3.488552709,1.749285568,4,3.891015292,2.236067977,3.6,3.443835072,2.220360331,1.3,6.12,5,198.81
6,1.798,165.5,703.5,1.798,797.7,844.6,1.798,725.8,1330,4.964876635,1.72626765,3.6,1.476482306,2.863564213,7.6,1.081665383,0.509901951,7.2,6.89,0.26,110.25
7,2.098,169.5,699.4,2.098,798.1,844.4,2.098,723.3,1330,5.728001397,0.447213595,2.5,1.72626765,1.392838828,1.1,4.327817002,2.416609195,5.1,9.7,0.82,169
8,2.398,168.6,701.8,2.398,798.4,847.2,2.398,721.1,1330,2.563201124,2.816025568,2.2,3.535533906,2.692582404,4.7,2.816025568,2.507987241,1.1,2.05,8.73,231.04
9,2.698,167.5,701.7,2.698,798.2,844.4,2.698,726.4,1330,1.104536102,2.80713377,5.3,3.047950131,0.1,3.1,2.690724809,0.538516481,0.6,0.13,1.01,98.01
10,2.997,166.9,701.2,2.997,798.2,844.5,2.997,725.7,1330,0.781024968,0.1,0.7,1.802775638,2.707397274,4.6,3.16227766,0.141421356,2.4,0.18,1,112.36
11,3.297,171.2,700.8,3.297,796.9,843.9,3.297,726.1,1320,4.318564576,1.431782106,10.0079968,3.807886553,1.392838828,10.00449899,2.785677655,3.624913792,11.18033989,16.49,0.45,204.04
12,3.597,167.9,701.4,3.597,798.2,844.8,3.597,725.9,1320,3.354101966,1.58113883,0.2,1.019803903,0.3,10.0019998,0.5,0.4,10.0124922,0.5,1.09,208.16
13,3.897,170,700.8,3.897,801,817.9,3.897,727.3,1320,2.184032967,27.04533231,1.4,1.2,26.32128416,1.2,3.125699922,26.74696244,10.12719112,8.33,722,181
14,4.196,169.2,700.8,4.196,799.2,824.3,4.196,731,1320,0.8,6.648308055,3.7,1.431782106,20.52437575,5.1,2,19.73448758,4.9,4.49,412.04,128.09
15,4.496,169,700.5,4.496,797.2,830,4.496,729.5,1310,0.360555128,6.040695324,10.11187421,1.044030651,12.68266534,10.23914059,1.42126704,14.83374531,10.6282642,4.24,210.25,446.24
16,4.796,168.2,701.5,4.796,789.8,832.5,4.796,728.5,1300,1.280624847,7.810889834,10.04987562,1.220655562,12.4739729,20.15564437,1.931320792,18.40108692,20.03596766,1,198.76,960.84
17,5.096,171.7,701.1,5.096,791.1,835.4,5.096,723.5,1290,3.522782991,3.178049716,11.18033989,2.765863337,8.146778504,20.88061302,2.517935662,13.74117899,30.92329219,20.41,120.02,1763.84
18,5.395,170.1,702.2,5.395,791.2,840.6,5.395,720.4,1290,1.941648784,5.20096145,3.1,2.024845673,8.220097323,12.86895489,2.024845673,12.18031198,21.9729379,8.9,51.21,1852.81
19,5.695,194.4,699.9,5.695,789.2,846.1,5.695,724,1290,24.40860504,5.852349955,3.6,22.73169593,10.86738239,0.5,26.2488095,13.61322886,10.9658561,742.4,66.56,1751.29
20,5.995,186,703.4,5.995,790.2,849.5,5.995,721.4,1300,9.1,3.544009029,10.33247308,15.94521872,8.956003573,10.04987562,14.48378404,14.12869421,10.21812116,357.05,74,1122.01
21,6.295,187.8,703.5,6.295,792.9,845.5,6.295,722.1,1290,1.802775638,4.825971405,10.02447006,7.517978452,3.748332963,1.9,17.7476759,5.186520992,1.7,428.36,19.49,1801.64
22,6.594,188.4,705.8,6.594,799.2,846.7,6.594,717.1,1290,2.376972865,6.413267498,5,3.39411255,9.425497334,10.8853112,8.414867795,10.01798383,6.9,467.93,8.84,1968.64
23,6.894,185.9,708.2,6.894,800.9,849.4,6.894,717.4,1300,3.46554469,3.190611227,10.00449899,5.069516742,8.9,11.04943437,4.801041554,10.70046728,4,394.58,37.7,1257.21
24,7.194,188.2,706.2,7.194,802.2,845.3,7.194,719.1,1300,3.047950131,4.301162634,1.7,0.447213596,3.310589071,10.19803903,2.729468813,9.302150289,10.44030651,463.09,25.64,1195.84
25,7.494,184.1,703.8,7.494,801,848,7.494,723.1,1300,4.750789408,2.954657341,4,4.75394573,1.403566885,5.7,4.742362281,2.220360331,11.66190379,290.9,26.69,1074.24
26,7.793,182,705.8,7.793,803.8,847.8,7.793,727.1,1300,2.9,2.80713377,4,6.212889827,2.968164416,8,4.579301257,3.312099032,9.7,237.53,54.45,984.64
27,8.093,175.9,698.5,8.093,805.4,849.8,8.093,728.2,1300,9.513148795,2.561249695,1.1,9.763708312,4.75394573,5.1,14.51137485,5.521775077,9.1,84.69,95.33,965.61
28,8.393,169,707.4,8.393,808,850.7,8.393,728.6,1300,11.26143863,2.751363298,0.4,13.09809146,5.103920062,1.5,15.52320843,7.502666193,5.5,38.05,155.08,959.29
